471 9 1 5 7 8 8 5 8 2 5 7 8 7 4 7 3 4 1 9 8 2 8 1 3 2 1 1 5 4 6 9 4 6 6 5 9 2 6 3 8 1 6 7 8 8 2 3 7 5 8 5 1 6 6 1 7 1 9 2 2 3 7 4 6 6 2 9 7 2 2 3 1 3 5 1 3 9 4 1 7 1 3 4 4 2 1 9 4 5 2 1 4 7 6 8 5 5 8 3
9 509 1 7 8 5 2 5 7 8 2 9 5 4 7 5 4 7 7 1 5 5 2 1 5 9 4 9 9 7 3 3 1 7 7 5 4 1 7 9 5 7 1 8 3 2 5 1 3 1 6 6 8 7 3 4 9 9 7 9 2 9 9 3 7 7 4 5 2 8 4 5 4 5 1 2 9 6 5 7 8 7 4 1 5 4 6 6 8 5 1 2 4 3 5 2 7 4 9 2
9 7 505 8 2 8 6 1 4 6 9 8 9 5 5 5 6 2 5 8 3 2 1 8 9 3 7 5 3 8 1 8 9 7 6 8 2 4 9 4 3 5 6 2 6 8 7 8 7 8 1 5 1 5 3 6 5 2 7 3 3 7 7 1 5 3 5 8 9 5 8 6 2 4 8 8 3 3 3 9 5 1 3 2 3 6 8 2 3 5 1 4 6 2 2 9 4 1 3 8
6 1 2 479 9 1 5 7 4 6 3 5 3 8 3 9 6 9 5 6 2 9 8 3 2 8 1 7 7 7 7 4 3 4 8 5 3 6 5 7 5 2 6 8 4 4 8 1 9 4 7 2 4 2 6 4 8 4 1 7 1 2 3 3 3 8 6 7 6 5 4 6 5 1 5 6 9 2 9 3 3 6 3 1 6 8 8 1 2 8 5 2 9 1 3 1 1 5 2 8
2 2 6 1 487 7 8 6 6 1 5 1 5 6 1 9 3 4 4 5 3 8 1 4 7 7 4 9 8 8 2 4 7 1 4 3 2 8 7 3 3 2 7 3 3 6 4 5 9 8 5 9 9 7 1 3 8 9 1 6 8 5 5 4 4 6 7 1 3 2 3 4 8 3 9 8 3 2 5 8 7 8 8 7 2 3 4 1 1 5 5 7 2 8 4 3 3 8 9 2
9 5 8 7 2 534 7 5 2 3 6 1 2 9 1 9 9 7 5 1 9 1 4 9 9 1 1 9 3 8 9 6 8 1 6 2 9 5 5 1 9 8 1 9 6 5 6 5 3 9 1 7 9 6 3 9 2 7 9 2 9 2 7 9 4 6 3 7 1 3 5 2 8 1 6 9 2 6 7 5 9 7 5 2 7 7 9 4 2 1 3 3 6 9 9 6 5 3 7 6
8 6 6 2 8 9 522 2 5 8 7 1 7 5 6 5 5 2 3 1 9 1 7 9 5 6 4 4 1 2 7 3 1 9 9 9 8 6 9 1 9 2 3 9 9 4 3 2 6 3 6 7 3 2 8 1 6 9 7 2 4 7 1 8 3 3 7 3 4 8 9 4 9 3 9 3 3 2 7 7 8 3 6 9 9 9 1 7 4 5 1 1 6 8 9 2 5 9 2 5
1 1 6 2 3 1 3 462 6 3 9 3 2 5 5 8 6 4 5 2 5 9 9 9 2 4 6 2 5 4 7 7 8 1 6 1 9 8 2 5 4 5 8 5 9 4 2 6 9 3 1 1 8 5 4 8 9 2 3 5 6 3 4 1 5 3 9 7 3 4 3 2 3 3 3 4 6 1 8 3 3 5 2 5 5 3 6 2 5 1 5 7 3 8 9 3 9 1 6 6
7 8 1 4 6 1 2 5 501 2 2 3 6 9 9 4 8 1 2 8 1 2 5 3 1 8 5 1 5 9 6 6 6 8 2 1 7 7 9 8 6 3 7 5 8 4 6 8 6 3 9 6 1 2 2 7 7 6 6 7 7 6 4 7 7 2 1 9 9 7 9 8 4 2 5 7 3 5 8 1 1 4 2 5 7 3 7 4 2 6 8 3 9 1 9 1 3 3 8 5
9 4 2 2 7 1 4 2 6 499 1 2 5 7 2 2 1 3 1 8 4 9 8 4 7 7 8 8 3 5 9 2 8 4 4 4 9 4 3 9 6 1 1 6 1 8 8 4 7 6 6 9 4 3 9 1 4 2 3 2 9 9 3 2 6 7 1 6 7 4 3 8 6 7 8 8 4 2 6 8 5 9 9 4 4 5 4 4 7 6 4 5 4 2 7 1 5 5 6 8
8 6 6 5 5 5 8 8 2 7 507 5 4 6 5 3 3 3 9 2 9 3 8 7 9 4 9 1 5 1 2 4 3 1 6 7 7 8 1 5 7 6 4 8 2 2 1 2 5 8 7 1 4 7 4 8 4 6 7 1 2 8 4 1 5 5 2 5 6 7 5 2 7 6 4 7 4 8 5 9 7 5 1 4 8 9 8 5 6 4 8 3 1 2 4 4 8 8 9 5
7 4 4 1 2 4 5 8 6 2 8 491 6 8 4 3 1 4 2 6 1 7 3 1 5 8 4 1 8 5 9 7 6 4 1 9 1 1 8 1 8 2 6 6 4 5 4 9 2 8 4 9 3 2 8 3 6 9 2 1 9 2 4 2 7 5 7 6 4 6 2 6 8 3 1 4 9 7 5 8 8 3 1 2 5 2 8 7 5 6 8 3 3 3 7 9 5 6 8 9
9 5 8 3 8 4 3 1 7 5 2 3 482 1 6 7 5 5 7 2 2 2 5 7 9 9 2 3 9 2 2 5 2 9 5 6 3 5 3 5 8 2 3 3 1 9 5 8 5 6 5 1 3 4 4 6 9 1 7 3 2 2 1 6 8 7 5 4 1 6 4 9 3 2 9 4 1 3 8 3 9 1 8 3 3 6 6 9 9 5 1 6 7 3 7 7 8 1 6 8
4 4 4 2 8 6 4 4 8 7 2 5 3 458 5 8 4 5 7 7 8 3 4 9 8 4 1 8 6 5 2 5 3 5 4 4 8 4 7 1 1 1 1 9 5 6 4 5 1 4 3 5 7 7 1 1 6 3 8 2 5 3 2 2 3 4 2 9 8 5 1 5 6 8 1 6 6 1 9 4 7 1 3 4 2 4 7 5 6 2 8 5 1 7 6 2 8 1 9 2
3 3 9 6 2 4 8 8 4 7 8 2 5 1 464 4 1 8 3 3 3 2 7 3 9 1 3 2 4 7 2 7 4 1 4 9 2 8 6 7 4 3 8 9 8 7 3 3 1 2 7 1 4 6 9 2 8 4 3 6 3 6 5 8 1 9 2 2 3 4 3 8 9 7 4 4 1 4 5 8 7 4 2 3 5 8 7 7 2 2 5 8 7 2 2 4 4 6 1 2
4 8 5 8 3 6 8 7 4 3 2 7 6 9 8 489 8 1 6 7 2 4 8 6 3 7 9 1 6 9 2 8 1 9 6 6 6 7 8 8 3 4 2 5 1 4 1 2 2 1 3 1 3 1 4 9 2 6 6 9 1 3 1 2 4 2 6 4 6 5 4 8 1 6 8 9 4 4 7 6 7 1 5 2 9 6 7 3 5 3 9 8 2 3 6 8 5 8 3 1
4 1 7 2 8 1 5 4 3 2 7 5 2 8 3 2 472 1 3 1 1 8 7 4 8 2 9 7 5 9 4 5 8 6 8 4 6 7 5 4 8 3 6 5 4 6 9 4 5 6 2 1 6 8 6 2 4 7 1 3 6 5 4 9 3 7 5 7 1 2 6 2 2 5 8 4 2 3 7 2 2 3 4 4 4 8 4 1 3 6 6 2 5 5 5 8 8 7 8 5
2 1 1 1 1 5 5 7 3 7 5 7 4 3 3 5 2 463 7 3 2 3 5 1 3 2 5 8 9 5 4 9 4 9 3 7 3 9 4 6 2 7 8 3 5 4 8 3 6 8 2 6 7 1 2 7 4 8 1 7 5 7 7 1 6 6 3 1 4 5 9 3 3 5 8 6 5 3 1 9 6 9 4 3 8 2 1 7 8 2 7 7 1 7 6 2 4 3 3 2
4 5 3 2 3 4 6 6 5 4 4 7 5 7 5 5 1 6 516 1 9 2 9 6 2 7 9 3 3 5 3 7 6 7 4 9 1 1 5 1 7 9 2 5 9 4 9 3 4 9 8 8 5 9 7 9 1 9 7 7 8 4 9 3 5 8 1 4 9 4 1 6 7 5 5 3 5 8 4 2 3 7 5 9 1 5 3 4 6 4 8 2 2 6 6 8 4 9 5 3
2 2 1 7 4 8 6 5 2 9 7 9 8 2 7 1 7 3 8 476 1 7 9 4 6 6 6 2 2 8 8 7 8 8 7 5 1 3 4 2 3 8 1 3 8 4 1 9 8 1 1 4 5 6 6 4 7 4 3 5 2 6 3 5 6 1 8 3 7 5 1 2 1 2 9 5 2 2 1 4 5 5 6 6 7 7 7 8 2 5 3 4 8 5 3 3 3 9 4 6
2 9 7 8 1 4 9 8 7 7 6 6 4 9 5 1 4 6 3 8 499 8 6 4 9 4 8 9 2 1 7 8 5 4 7 8 6 4 5 4 7 8 5 9 9 5 7 6 8 2 3 6 2 3 6 8 1 5 3 3 5 7 6 1 3 4 9 2 5 3 2 1 1 7 4 7 5 4 6 1 7 2 1 2 9 4 7 1 7 4 1 5 6 4 7 1 6 1 2 8
9 1 3 6 3 8 8 2 2 2 3 4 7 7 7 5 8 1 2 1 1 529 8 4 7 8 5 4 6 2 9 1 3 9 7 1 5 9 3 5 5 7 6 9 5 8 5 6 1 9 3 8 6 6 6 8 6 4 7 9 5 5 7 9 3 9 5 8 6 7 9 9 9 6 3 6 3 7 3 3 3 9 7 4 8 5 5 1 1 5 7 9 4 1 8 4 4 4 1 5
9 2 2 2 5 8 2 3 6 4 7 1 1 5 8 3 9 7 6 5 9 9 488 6 1 8 2 4 4 4 6 9 3 7 8 2 3 1 2 6 8 4 4 4 2 7 5 7 9 6 2 5 1 8 7 1 6 5 5 2 8 5 5 8 5 6 3 4 6 1 7 4 4 2 4 8 6 7 1 4 2 4 8 8 6 6 7 5 1 6 4 7 4 7 9 5 5 3 1 3
4 7 9 5 5 9 1 8 9 2 9 7 6 5 3 3 6 2 1 4 6 3 2 495 2 7 6 7 7 9 7 4 9 4 8 1 4 1 2 4 7 5 2 4 9 4 4 8 2 4 3 8 1 5 2 2 4 1 6 7 3 2 8 7 7 4 4 2 8 5 2 9 4 9 8 3 5 9 7 9 7 3 4 1 5 2 4 7 3 7 6 9 4 3 5 1 3 3 7 8
4 3 7 1 5 1 5 9 4 6 2 5 4 9 6 1 8 3 8 1 9 3 6 4 473 5 3 6 1 2 5 5 3 7 4 2 1 8 8 2 9 5 9 3 8 3 4 8 5 7 2 7 2 1 5 3 7 6 8 4 2 9 5 8 1 2 5 1 3 1 8 7 6 9 7 1 9 3 7 1 2 6 7 1 9 5 2 2 2 5 2 8 8 4 8 5 4 4 3 7
8 7 4 5 1 2 1 1 1 3 3 7 1 9 5 2 2 4 2 4 5 5 1 4 6 436 1 7 5 7 2 1 6 2 3 9 7 2 2 3 1 1 4 2 1 7 7 9 5 8 5 1 4 4 3 6 5 8 5 7 8 2 4 1 6 1 3 7 2 1 2 5 8 2 8 8 2 7 1 8 9 3 8 6 4 3 4 9 3 9 9 1 9 8 6 7 1 3 2 1
1 1 7 6 3 1 7 5 1 3 7 8 3 2 1 1 5 1 1 4 8 1 8 4 4 7 486 9 2 2 6 7 2 1 2 8 6 7 9 1 3 8 2 9 2 6 1 9 4 5 5 4 7 4 2 6 9 5 5 7 3 9 7 6 5 4 4 2 9 4 4 6 5 5 3 2 7 7 2 2 9 7 5 8 4 3 4 4 1 7 9 9 9 7 8 9 2 2 7 9
7 9 2 6 6 4 8 8 3 7 7 5 5 1 1 6 7 3 8 9 7 8 2 9 8 2 3 516 8 8 7 2 2 9 4 6 2 8 5 4 3 2 5 9 1 4 4 6 3 9 8 1 7 2 6 4 7 2 7 4 1 7 7 5 1 7 1 8 2 9 6 9 4 9 1 1 9 8 4 9 4 8 6 8 7 3 4 3 3 5 9 5 3 8 7 1 6 3 1 2
4 3 1 6 4 8 5 1 5 7 8 8 1 6 1 6 7 6 7 3 3 2 1 8 2 9 4 4 530 9 1 6 6 7 2 7 5 6 6 8 8 6 1 6 9 3 6 5 6 5 8 8 9 5 7 9 4 2 1 4 6 2 8 8 7 4 8 8 9 1 2 5 1 7 5 7 5 9 7 5 9 9 2 4 5 9 7 1 5 3 2 6 7 6 6 8 7 2 4 7
2 4 5 7 4 4 8 2 2 7 3 1 1 2 5 9 5 5 2 1 5 6 2 5 9 1 8 8 8 484 3 5 9 4 4 9 8 1 9 7 6 1 2 3 2 1 6 8 9 8 2 9 9 8 4 8 8 5 1 3 9 3 3 3 1 4 4 4 8 2 9 3 1 7 5 7 1 2 6 3 9 4 5 8 9 4 6 8 4 3 6 5 3 7 9 3 2 2 6 1
4 8 5 5 8 9 1 8 8 3 5 3 2 3 9 8 8 9 5 4 1 1 9 9 5 6 8 7 5 2 493 5 5 6 6 6 4 8 5 6 1 9 3 1 1 1 9 6 4 6 8 7 9 5 4 2 5 9 8 2 6 8 2 6 7 2 4 7 4 4 1 1 4 4 4 4 1 3 9 3 3 7 9 4 3 6 6 1 3 1 3 8 7 1 3 1 3 1 9 9
7 7 8 4 6 1 6 8 3 7 7 5 9 7 4 9 7 7 2 3 2 5 1 2 2 6 3 9 7 9 3 518 7 9 3 8 8 6 4 4 6 2 9 6 6 5 4 2 5 7 9 4 2 9 7 4 3 7 2 5 3 4 7 1 3 8 4 2 4 4 2 4 1 9 8 9 4 9 5 2 5 3 2 3 6 3 9 2 9 5 9 9 6 1 8 6 4 1 6 7
2 9 5 9 2 7 9 3 1 1 5 7 4 3 7 5 3 1 6 3 5 4 7 4 9 9 6 6 9 2 7 9 535 4 6 6 9 4 4 4 6 7 5 1 5 8 8 2 6 2 7 1 2 8 6 7 2 5 6 8 8 7 1 4 5 3 3 9 9 8 5 7 4 2 8 7 3 3 6 1 6 4 5 5 8 9 9 6 8 8 6 8 2 7 2 6 4 4 8 7
3 8 7 9 4 7 5 1 5 6 9 6 6 7 7 8 8 7 6 7 4 9 9 2 1 8 8 6 1 7 2 8 2 531 6 8 6 5 1 3 3 3 6 8 5 3 6 5 3 8 3 3 2 6 9 4 6 5 7 9 7 9 5 3 8 2 5 3 3 3 6 2 6 6 5 5 1 8 2 6 7 1 3 6 5 5 3 7 6 9 5 5 9 9 9 9 1 5 1 3
4 8 2 8 8 6 9 3 7 3 6 1 7 7 3 4 9 1 2 9 9 7 1 5 2 5 3 9 9 9 2 3 3 8 508 9 8 2 1 3 2 5 4 1 7 9 7 9 1 7 7 5 4 3 6 7 4 4 6 8 6 6 2 8 2 1 5 1 7 9 6 4 4 8 8 1 9 1 7 9 4 5 3 2 7 3 1 6 1 3 8 1 8 2 7 4 5 7 6 8
8 8 9 6 5 4 5 8 5 9 6 4 9 3 9 4 5 3 8 7 3 8 5 4 2 9 6 8 4 4 1 1 1 2 5 487 4 1 8 6 3 3 4 3 1 9 1 5 4 4 1 1 4 8 4 8 8 9 3 4 1 5 2 6 5 1 1 6 3 8 2 3 1 4 6 5 3 1 5 8 6 6 7 5 9 4 7 5 6 1 2 5 7 9 6 7 4 5 8 6
7 9 6 4 1 1 9 2 1 4 6 9 5 7 4 7 1 4 1 1 4 8 8 5 7 6 2 9 5 5 9 9 5 9 3 6 532 8 5 5 8 7 8 7 5 7 5 7 4 2 2 8 2 1 8 3 9 9 2 5 7 9 2 9 6 4 7 1 9 9 3 6 8 3 1 9 7 6 1 1 7 7 8 6 3 6 6 2 4 9 8 9 4 5 3 4 2 5 4 4
3 6 8 7 2 8 2 1 7 2 4 8 5 7 5 7 7 6 9 5 7 2 7 8 7 6 7 4 3 8 8 2 9 5 5 8 7 542 7 8 5 1 5 8 7 2 7 7 9 4 7 9 6 3 1 6 9 1 8 5 3 3 8 3 5 2 3 3 1 4 8 7 3 8 2 6 9 3 7 9 1 2 9 3 7 1 9 4 9 4 4 9 2 6 3 2 8 9 5 9
1 4 6 7 2 4 6 2 3 4 7 2 3 3 2 1 1 5 9 6 5 2 1 8 4 5 1 5 8 9 3 4 4 6 5 5 9 7 461 7 4 1 1 4 4 9 1 9 3 6 1 7 9 4 9 4 4 6 1 5 8 6 3 5 1 4 3 2 2 5 1 6 4 7 9 4 5 7 5 1 8 2 9 4 3 3 9 9 2 1 2 9 8 1 7 9 1 4 9 3
6 2 9 4 7 3 4 4 2 4 4 6 8 2 3 6 6 5 8 3 8 9 3 3 4 1 4 6 3 1 1 3 2 7 7 6 2 1 9 454 1 2 2 5 6 6 2 3 1 5 6 3 8 6 6 5 2 4 7 8 6 7 2 2 1 6 9 8 6 1 1 1 6 6 3 5 2 6 2 3 8 1 9 6 6 6 4 2 8 4 3 2 7 7 7 5 5 5 6 4
7 1 8 9 1 8 7 7 6 2 7 8 6 9 8 6 6 5 9 4 9 2 6 4 3 2 7 1 3 4 8 6 9 7 3 4 7 6 6 7 523 4 7 2 5 8 3 2 4 9 8 6 2 4 4 8 4 5 5 9 2 1 3 5 5 4 7 9 3 2 7 4 3 9 7 6 3 8 4 3 2 2 7 1 4 3 1 1 8 7 8 3 1 4 9 6 9 8 9 6
3 4 9 9 6 6 5 8 9 1 7 1 6 6 9 6 5 4 4 3 4 7 4 1 2 5 9 2 4 9 2 3 3 1 3 8 2 4 6 6 4 521 4 7 9 3 9 2 7 7 6 6 9 4 2 5 9 5 6 4 3 9 9 7 2 3 1 6 1 9 2 7 9 7 3 5 8 4 4 2 5 4 8 8 9 8 9 7 1 8 4 8 8 9 1 4 4 5 1 3
8 9 7 5 9 7 8 7 8 2 3 5 4 1 3 8 9 8 2 2 1 6 7 7 5 7 2 4 1 9 4 8 2 6 5 5 9 1 8 8 2 2 501 1 6 2 5 8 8 4 5 7 4 9 7 1 1 9 9 9 1 4 8 1 6 8 8 5 5 7 1 7 4 4 1 4 8 9 6 1 6 3 2 8 4 7 3 5 3 7 4 3 3 5 4 2 1 8 1 3
5 1 4 2 1 6 4 3 2 3 3 3 7 6 1 1 6 6 6 4 9 3 9 2 1 4 5 3 3 6 8 9 8 7 1 6 2 4 9 9 6 6 1 503 5 4 9 9 5 4 6 9 5 9 8 6 7 1 2 6 5 8 2 6 7 8 5 4 9 6 7 2 3 8 6 1 5 6 8 6 3 5 3 6 9 4 4 4 7 5 8 8 7 2 7 3 3 6 1 4
5 4 5 1 7 7 9 8 5 6 2 6 6 3 3 3 8 7 2 6 8 5 1 3 3 9 7 8 6 9 3 5 2 7 4 6 8 9 9 2 8 7 9 2 517 3 6 3 1 7 5 9 3 8 7 5 8 7 9 8 7 5 7 3 7 2 3 3 7 3 9 7 3 4 2 2 5 5 2 2 2 7 9 9 4 8 9 5 4 3 7 3 2 1 9 3 1 6 1 2
5 3 7 3 2 6 9 1 6 9 5 8 9 3 2 8 6 8 8 1 3 1 9 2 7 3 7 7 5 4 8 9 5 3 4 2 9 1 3 6 2 2 9 9 7 478 2 9 4 4 8 1 4 1 1 4 1 9 1 5 3 5 7 7 9 3 4 2 6 5 2 3 5 2 3 6 9 4 6 6 4 4 5 4 2 1 1 3 1 9 1 4 9 7 4 6 6 5 7 6
9 9 8 5 7 6 6 7 7 7 5 2 5 1 6 1 2 7 6 3 2 6 7 7 1 2 9 1 7 4 4 8 8 8 8 7 1 6 5 6 2 4 5 4 6 5 550 6 1 8 8 3 9 4 4 3 8 7 6 8 8 6 3 6 7 2 2 2 9 6 8 3 8 9 5 9 7 9 4 9 9 3 2 4 1 6 5 5 8 8 2 8 6 2 8 7 9 2 5 9
5 5 7 6 4 5 4 7 2 5 5 3 9 7 1 5 4 3 1 1 9 4 1 9 8 3 7 2 7 1 4 1 4 6 2 7 8 1 1 6 2 3 9 2 4 4 2 443 1 1 4 6 4 9 7 9 4 3 3 2 8 8 6 5 8 3 5 7 5 1 4 6 5 1 5 5 3 3 3 7 1 2 9 5 4 2 3 3 3 5 2 8 5 6 8 8 2 6 1 1
7 5 4 8 6 4 2 1 3 2 2 5 2 7 2 7 4 9 1 1 9 7 1 3 6 4 2 9 9 1 7 4 7 5 5 9 2 5 5 1 6 7 5 8 6 6 7 9 477 5 8 9 3 8 6 9 8 1 4 3 9 5 1 1 7 1 5 4 4 3 1 5 7 4 6 3 1 4 5 4 7 3 6 2 5 8 6 6 2 7 6 5 8 2 6 2 5 2 4 2
2 6 7 6 7 1 7 3 3 8 6 1 1 7 4 9 5 9 8 3 7 8 4 7 4 1 1 6 9 4 2 8 4 1 3 7 6 7 9 1 8 8 3 6 3 5 1 3 3 510 6 4 1 8 8 6 8 4 5 8 1 7 6 6 7 1 3 6 9 3 7 3 7 5 2 6 6 3 4 8 7 9 2 8 6 2 6 7 5 6 2 7 6 7 4 1 6 8 8 1
5 4 4 9 2 2 5 7 2 9 1 1 9 3 1 8 4 3 6 5 8 3 7 7 7 5 8 5 4 4 3 6 4 5 7 4 1 4 3 8 9 3 9 9 3 9 8 6 8 3 498 5 4 8 9 6 6 1 5 7 9 7 3 7 2 8 6 7 3 4 5 1 2 9 1 5 1 6 2 3 5 1 2 5 7 7 1 5 1 8 9 8 1 7 2 1 9 6 4 5
8 6 1 3 9 8 1 5 6 1 5 5 7 7 7 1 5 5 9 8 8 7 8 9 6 6 1 9 5 1 7 2 3 8 4 5 6 8 6 4 8 6 9 6 5 5 8 9 8 4 2 576 7 6 7 7 8 9 7 2 2 1 9 5 7 7 8 6 4 4 9 5 8 9 9 9 6 6 8 1 5 8 8 8 5 5 1 4 4 5 2 7 5 6 6 3 7 7 5 7
3 4 6 1 9 5 8 7 5 5 6 8 4 5 1 5 1 9 7 1 3 1 9 5 6 1 7 1 1 1 1 4 1 6 9 3 9 4 3 5 9 3 1 7 7 8 5 7 4 1 9 2 455 2 8 7 3 8 6 4 1 3 7 5 1 2 3 6 2 5 2 1 5 7 1 4 4 4 8 5 2 4 9 4 1 7 1 2 5 8 5 9 3 3 3 7 8 4 6 5
2 1 2 9 6 5 4 8 9 7 9 2 4 1 2 1 4 5 7 2 6 6 4 9 3 9 9 2 8 8 8 9 7 2 3 8 2 2 5 9 5 9 6 6 9 2 6 7 3 9 1 9 1 531 7 7 7 7 7 9 9 3 7 7 3 1 3 2 3 6 6 3 6 1 8 3 6 4 6 5 6 9 6 2 8 1 2 5 7 9 7 5 5 9 9 3 6 5 5 2
8 2 1 1 6 2 2 1 5 3 7 9 7 5 9 2 4 8 7 2 1 6 4 1 7 6 5 3 4 4 8 1 4 3 8 5 9 8 9 5 6 6 2 5 4 7 2 5 5 7 2 8 3 4 476 1 6 2 6 6 4 6 3 7 1 4 3 2 8 8 4 4 7 3 5 4 5 5 5 4 4 8 7 5 4 4 3 8 3 1 8 8 2 9 1 9 6 3 9 1
8 2 5 6 3 5 3 2 1 2 3 5 9 8 7 5 6 1 4 6 5 3 8 3 2 1 9 1 7 4 6 5 1 2 7 9 5 9 2 9 7 9 2 6 1 1 8 9 2 8 3 2 2 5 4 495 2 7 9 6 7 5 9 7 5 4 8 3 1 6 9 3 4 1 5 8 3 5 8 5 3 1 1 8 9 2 2 8 8 2 9 5 4 9 4 8 6 5 9 2
1 3 7 7 1 5 7 5 8 8 5 3 3 4 1 6 8 3 2 2 4 3 9 1 1 8 1 1 3 5 3 8 6 2 7 9 1 9 5 9 5 3 8 8 7 2 2 6 3 5 6 1 9 5 3 3 473 9 1 2 4 3 8 5 8 4 6 3 1 3 2 2 1 3 9 4 8 8 8 1 5 5 7 4 9 6 4 8 2 9 8 1 3 3 4 8 5 5 6 6
5 4 3 8 2 3 4 4 9 1 2 2 6 9 2 9 7 4 1 7 5 1 7 8 3 4 3 7 5 1 4 3 3 2 8 5 7 9 9 2 1 1 2 6 3 6 2 9 9 8 4 7 2 4 9 2 9 501 4 9 7 1 2 4 4 5 3 3 8 5 8 1 7 6 3 8 2 1 3 8 2 5 1 8 7 9 6 5 8 7 8 9 4 8 9 7 8 4 8 2
7 5 5 1 8 9 9 4 8 3 7 4 5 2 8 7 2 4 3 5 1 3 1 4 8 6 8 4 2 2 5 5 3 1 5 2 4 4 7 8 1 8 2 5 2 4 5 8 1 3 4 7 8 2 9 7 1 5 499 2 9 9 6 9 7 5 5 1 1 6 7 6 3 3 6 6 4 2 9 5 8 4 7 6 1 9 3 3 8 8 1 8 8 4 5 6 8 5 5 8
7 5 8 6 4 9 4 9 6 8 1 1 3 2 4 5 4 2 9 4 3 1 7 1 2 5 5 3 2 7 7 9 1 9 1 5 7 5 7 4 3 3 8 5 5 4 8 2 1 6 1 6 5 4 7 6 8 8 5 501 5 3 9 4 5 7 3 4 3 4 6 6 6 6 4 7 4 9 2 4 1 3 3 8 9 5 6 4 2 9 5 7 6 7 7 8 7 9 1 4
8 7 4 3 3 1 3 3 2 5 4 7 2 7 2 2 4 2 7 5 3 8 7 3 8 9 4 6 8 4 2 9 9 2 1 1 8 9 1 4 3 5 6 2 2 5 6 5 2 9 5 7 4 5 1 7 5 8 4 2 474 7 1 6 6 8 4 7 2 9 3 5 1 4 7 2 2 4 3 4 5 5 8 6 3 9 5 8 1 4 9 2 8 7 6 5 1 3 6 6
2 5 5 3 5 7 2 8 6 7 2 7 2 1 5 7 9 5 5 8 3 5 8 8 3 8 1 5 8 4 4 4 6 5 9 1 1 3 1 2 1 2 3 1 6 8 9 7 8 6 7 3 4 9 8 7 3 3 5 9 7 499 8 5 7 5 8 4 1 3 3 8 7 6 4 7 1 6 6 6 1 2 1 4 8 4 5 6 9 4 7 9 4 6 1 9 3 1 4 8
3 1 7 2 9 3 6 3 7 4 2 5 1 9 8 2 6 5 2 5 9 2 1 2 1 8 3 7 4 6 4 9 7 9 8 4 1 2 5 4 4 8 7 4 4 1 8 9 7 7 8 2 3 7 7 4 9 1 8 8 9 6 493 6 2 3 6 1 6 9 4 1 1 3 4 7 1 6 2 5 2 4 8 7 9 1 1 8 2 9 4 7 6 9 3 4 6 4 7 6
6 7 1 6 5 7 7 4 7 1 3 2 4 9 1 8 7 8 2 7 6 2 1 8 6 6 8 3 7 9 1 5 9 7 9 9 5 6 7 7 3 3 4 7 5 7 4 1 7 9 9 1 3 4 9 6 6 9 3 5 2 2 1 524 3 4 9 4 7 8 1 5 1 2 4 3 6 9 6 5 9 2 9 3 5 9 6 3 7 7 1 6 8 7 2 8 8 6 1 5
6 8 6 6 6 9 9 3 2 9 9 8 8 2 5 8 9 7 5 2 3 3 3 6 2 6 6 7 3 9 6 8 5 8 3 2 5 8 9 1 1 6 3 9 2 2 9 5 1 6 8 1 3 2 1 1 5 6 1 6 4 7 2 2 466 1 9 6 1 1 2 5 8 3 2 7 7 3 1 9 4 6 2 9 2 5 3 6 2 3 1 7 1 4 4 1 9 1 2 4
8 4 5 2 2 3 6 8 7 9 7 1 7 5 1 7 5 1 5 4 8 6 6 8 4 5 3 9 7 1 8 9 1 7 6 9 5 9 1 9 3 1 8 5 9 9 8 3 1 7 3 3 3 9 3 1 1 9 3 4 8 9 5 6 9 506 3 4 6 1 8 1 2 8 4 3 1 1 4 8 9 2 3 6 8 2 9 5 3 8 7 1 1 6 6 6 6 6 3 5
2 4 6 8 6 1 4 6 9 1 2 3 7 7 6 1 8 6 7 1 5 7 2 7 2 7 6 2 2 2 4 4 4 4 2 5 3 8 5 3 7 3 5 2 8 9 9 3 2 9 7 2 7 7 4 9 5 4 2 1 9 3 3 9 4 8 499 1 7 2 3 9 6 8 2 8 4 4 3 6 8 1 5 8 2 7 6 8 7 3 9 9 8 4 2 9 9 4 3 2
7 6 6 5 9 1 3 1 3 3 3 4 5 4 5 4 7 7 6 2 3 5 6 6 8 3 3 7 8 1 7 6 8 4 5 6 8 9 5 7 1 8 7 8 3 5 8 7 3 2 8 6 3 7 5 7 7 2 3 2 5 3 5 2 9 9 6 524 6 3 6 8 7 8 5 4 1 1 7 6 9 5 4 4 8 4 5 4 6 3 3 4 9 7 7 8 4 4 6 9
3 5 8 9 8 3 8 7 9 2 6 5 4 2 3 8 6 6 8 9 9 2 9 4 4 5 3 4 3 5 2 5 7 2 8 6 2 1 2 4 2 9 4 9 3 4 8 5 8 1 4 9 7 7 3 3 6 7 5 7 5 1 9 5 4 6 2 3 511 5 3 7 2 1 9 7 1 8 7 9 2 2 3 5 9 7 4 1 7 7 2 3 9 6 6 6 5 9 2 3
2 8 2 9 6 3 6 9 3 5 7 8 8 7 5 4 3 2 8 7 9 1 3 2 2 1 2 9 3 8 1 2 2 4 3 2 2 9 8 1 5 3 1 7 1 5 3 5 7 9 3 9 8 9 2 3 2 1 2 7 6 2 7 9 3 9 8 9 4 463 1 6 8 3 2 3 4 3 4 6 1 2 8 1 2 8 1 9 3 2 5 2 1 3 5 6 9 2 8 8
1 4 2 1 8 7 3 6 8 9 9 4 9 4 6 8 9 2 9 4 5 5 5 6 2 6 8 1 7 8 5 5 1 4 2 9 3 5 8 5 5 9 1 9 9 5 6 5 8 2 1 2 3 8 1 5 7 5 2 5 4 5 8 7 3 1 5 3 7 4 500 2 8 8 4 6 4 1 7 1 9 3 3 6 3 9 2 7 1 4 3 9 2 1 6 8 6 4 8 5
3 8 7 4 6 8 9 4 5 3 6 8 9 8 8 1 3 2 2 6 8 3 7 7 7 9 8 1 2 7 4 7 9 6 3 9 2 7 3 2 4 9 5 1 4 7 4 4 2 4 8 3 5 3 4 4 6 5 7 3 8 3 7 3 9 5 8 1 5 5 1 522 8 5 6 5 3 3 8 5 8 8 3 4 5 7 7 1 9 7 1 7 1 6 7 7 5 4 9 3
9 8 4 8 5 2 2 4 1 3 4 7 4 2 8 5 7 2 6 7 4 8 8 5 1 7 3 7 2 4 8 7 6 2 7 8 2 8 3 9 6 3 7 9 2 2 1 1 2 9 6 5 2 4 7 9 4 8 5 6 9 8 3 3 9 2 9 9 7 9 4 7 551 6 4 4 6 4 7 9 4 9 9 7 5 7 1 8 7 7 6 5 7 1 6 7 8 9 7 5
2 1 7 5 4 3 4 2 1 3 1 7 3 6 4 4 4 3 3 4 6 6 6 8 7 1 7 7 4 2 7 1 7 4 7 9 3 8 8 9 9 9 6 9 4 5 1 3 9 1 9 5 3 6 6 1 8 6 1 6 7 3 9 7 9 3 6 7 1 4 4 8 3 512 2 8 7 2 3 5 8 9 1 9 1 1 7 6 6 7 1 7 4 9 9 8 4 5 7 8
4 4 3 9 9 5 7 9 3 2 2 3 4 8 3 5 9 8 6 5 8 2 7 9 3 2 3 6 3 2 4 8 1 9 3 9 4 1 2 2 4 2 4 6 2 9 8 9 9 3 1 6 6 6 1 8 2 4 3 3 5 4 4 2 1 3 9 2 3 6 6 3 8 4 474 6 2 9 3 9 8 1 5 8 4 3 1 7 9 8 2 8 2 6 3 6 3 2 1 4
9 6 7 2 3 3 3 5 7 2 9 4 1 3 4 5 8 1 2 4 6 1 3 4 9 6 3 5 7 7 7 6 2 5 3 3 4 7 2 7 2 5 6 2 7 6 9 2 1 5 7 9 5 9 6 4 2 1 6 7 8 9 3 1 2 4 8 2 3 3 8 2 5 7 4 475 6 8 9 2 5 2 7 7 6 1 1 6 6 3 7 1 3 9 8 1 4 8 1 7
8 3 4 3 5 3 1 4 5 9 6 4 1 4 6 1 3 6 8 2 4 1 4 6 2 7 5 3 7 5 6 3 2 3 8 4 3 1 6 7 3 1 1 6 3 6 4 8 3 6 5 1 6 3 8 5 6 7 8 8 8 6 9 5 6 4 9 5 6 3 7 2 2 1 1 1 471 9 9 4 1 7 2 4 9 9 9 8 2 8 6 2 5 8 3 1 5 2 7 3
5 8 2 9 6 6 6 7 4 5 1 3 5 6 3 5 4 6 3 4 4 2 1 5 9 7 9 8 7 3 6 6 3 6 4 1 4 3 9 3 3 3 1 1 8 4 9 9 6 1 9 6 1 9 1 6 9 7 4 8 5 8 4 6 6 3 6 5 4 7 9 2 3 4 1 7 9 503 2 6 9 4 2 2 5 8 2 6 4 5 1 9 7 3 2 4 4 9 6 9
5 9 6 5 9 9 1 3 3 5 4 4 7 3 8 3 8 4 7 4 6 3 6 5 9 7 8 3 8 8 8 4 3 3 1 5 4 9 1 3 4 9 7 2 2 9 1 1 9 5 9 7 4 4 7 3 5 4 1 4 4 8 8 3 7 7 8 5 7 7 4 2 1 2 3 9 5 5 523 9 4 2 7 8 7 5 4 8 8 9 4 8 1 1 5 7 5 4 7 5
4 9 2 8 9 3 8 6 9 1 1 5 5 7 3 2 8 1 3 9 7 7 5 3 8 7 1 7 1 7 7 1 1 5 8 5 4 8 2 5 2 1 1 1 8 8 2 5 1 6 7 8 2 2 8 3 5 3 3 5 4 8 6 1 9 6 1 9 2 5 9 8 3 6 7 5 5 2 9 483 5 7 9 1 6 1 5 2 8 9 6 2 1 3 3 7 3 8 4 3
3 2 3 7 7 6 4 2 3 3 6 2 9 9 9 9 6 6 7 9 7 2 3 4 8 9 2 4 3 8 3 4 5 5 3 9 7 1 1 4 9 2 9 7 8 4 3 8 1 5 7 4 3 6 6 1 2 5 9 5 2 7 3 6 7 3 7 9 5 1 1 1 5 8 4 2 4 3 9 9 515 1 8 9 6 9 4 7 5 7 3 3 9 8 3 9 1 9 7 1
2 5 5 8 4 7 1 8 5 8 2 6 7 8 1 7 5 1 3 6 8 5 8 6 6 4 3 8 9 3 5 3 7 3 5 4 5 8 2 4 6 9 4 4 1 6 5 8 7 1 6 3 5 1 7 7 5 9 1 4 9 5 8 6 3 7 3 9 2 1 9 5 3 8 5 6 9 6 3 7 4 516 4 2 6 1 1 7 6 7 5 2 8 7 8 8 1 8 5 6
8 1 7 1 2 8 7 8 8 2 1 8 9 5 4 9 1 2 3 4 9 3 8 7 4 8 5 3 3 8 4 9 6 8 2 3 7 4 4 2 1 2 4 7 6 4 4 2 1 8 4 6 7 1 1 9 2 9 8 2 5 9 5 2 1 3 1 8 2 4 8 2 2 6 8 8 7 7 5 7 7 5 492 5 9 7 6 6 9 2 7 4 5 1 1 8 3 7 3 2
2 8 9 6 7 9 1 3 5 2 4 5 2 6 8 4 1 8 7 6 8 1 7 5 2 1 8 9 5 2 6 5 5 1 9 6 1 3 2 2 4 1 3 5 8 6 8 4 8 5 1 6 9 3 4 4 9 8 8 2 5 7 6 1 3 3 3 2 8 2 6 6 9 5 3 2 6 7 7 4 2 1 9 473 5 9 2 3 7 2 1 4 1 5 7 8 1 2 1 9
8 6 6 3 9 5 9 6 9 2 6 1 9 1 1 4 3 2 3 7 9 1 2 5 3 5 4 5 9 6 1 4 3 5 2 3 8 5 3 5 5 4 3 5 7 7 4 5 8 1 3 6 9 2 8 1 2 8 5 1 5 5 2 3 8 4 4 3 6 4 4 8 8 8 3 1 1 8 7 6 4 3 1 7 470 6 3 2 8 2 7 9 6 5 8 7 3 1 1 5
2 3 3 6 1 5 7 2 2 7 1 1 6 3 7 2 7 5 8 1 1 6 2 8 2 6 6 8 4 5 9 2 7 3 7 6 2 6 9 5 3 1 7 1 9 9 3 4 1 6 2 1 9 1 2 7 3 5 9 3 1 4 1 9 8 1 5 3 4 5 9 2 3 9 9 6 4 4 5 8 7 8 1 2 9 475 9 1 9 4 8 6 5 7 3 2 2 9 3 9
7 5 7 8 6 6 5 1 5 6 9 1 1 4 3 4 1 4 9 1 6 3 8 8 1 7 1 1 1 1 8 3 4 1 8 3 9 6 1 5 7 4 3 2 3 5 8 4 1 2 5 8 6 9 6 3 3 5 6 5 3 9 1 3 6 8 4 8 1 8 2 8 2 3 9 7 2 6 4 6 3 8 1 9 4 7 471 8 4 7 7 3 4 2 3 2 7 1 7 9
4 5 8 2 2 9 2 4 8 8 7 8 8 6 8 6 3 6 5 5 3 8 8 4 7 8 8 8 2 5 9 6 5 7 3 6 2 5 6 1 6 2 7 8 2 6 8 9 6 4 1 2 4 6 9 8 3 4 8 7 6 8 4 3 7 2 7 1 1 4 9 2 4 5 5 4 9 3 6 4 1 4 9 6 5 3 4 517 2 6 3 4 2 5 1 7 6 9 4 5
3 2 3 1 8 2 8 8 4 1 2 1 3 1 6 3 7 6 9 6 4 4 7 2 2 1 1 6 9 6 5 3 8 8 4 9 6 8 7 1 3 3 9 5 9 1 3 5 4 7 1 2 1 5 3 5 4 6 2 3 2 3 6 4 9 6 5 2 1 1 9 4 2 6 9 1 6 4 1 5 7 5 2 1 2 6 8 3 453 2 8 4 8 2 3 9 7 9 5 8
3 1 6 2 1 4 3 7 3 4 7 6 5 8 4 7 5 7 8 8 2 9 1 9 7 9 5 5 8 1 6 8 1 2 4 4 5 8 9 7 9 8 6 9 2 2 4 1 1 3 2 4 4 6 7 5 6 3 3 7 8 7 4 9 6 6 6 6 4 7 3 4 3 4 6 8 1 2 8 8 5 1 4 3 8 8 6 4 4 510 9 9 3 1 6 2 4 7 9 4
2 1 8 5 7 6 4 9 2 7 8 4 3 7 2 2 1 5 5 6 5 3 7 7 6 6 1 1 9 2 3 6 4 8 1 7 4 2 1 9 6 4 8 9 7 4 3 3 4 9 1 2 4 2 5 3 7 5 2 2 2 6 8 6 2 7 6 8 7 7 1 2 7 5 8 1 1 5 7 8 1 5 7 4 9 9 1 6 1 8 460 5 6 2 2 1 3 1 2 5
9 3 3 8 7 6 3 9 8 7 9 7 8 7 5 1 2 3 5 1 7 5 2 4 4 8 1 2 2 5 5 1 6 1 5 2 3 6 2 9 6 6 8 3 9 9 3 7 9 1 8 8 5 6 7 9 6 1 9 9 2 5 9 3 6 6 7 4 6 8 1 9 8 7 3 6 8 3 5 1 1 7 3 8 3 5 3 3 1 3 7 516 8 8 5 4 2 4 9 3
8 3 3 3 1 5 1 2 8 4 4 9 1 7 6 8 7 4 8 8 3 7 1 3 8 1 3 6 8 3 4 4 7 3 1 9 1 4 5 9 6 1 7 4 3 7 1 8 7 9 3 2 8 4 8 1 7 3 9 6 4 4 3 4 7 1 2 4 4 7 8 2 6 6 2 6 5 7 5 7 4 3 2 5 2 7 5 4 8 3 6 1 466 3 2 4 3 6 1 7
8 6 9 7 4 1 1 9 3 7 2 9 5 9 4 9 8 8 4 6 2 3 8 7 4 3 8 7 8 7 8 5 6 8 3 3 6 4 7 6 8 1 8 1 2 6 9 7 3 6 9 5 7 6 4 6 7 2 2 8 8 4 7 7 7 4 4 7 5 8 6 9 8 6 3 5 4 8 4 2 7 8 9 9 5 6 2 2 1 1 3 9 4 555 6 6 1 4 6 9
7 3 8 5 1 2 7 8 5 4 9 8 9 6 9 6 4 3 1 8 6 6 8 7 2 4 4 9 4 1 2 2 9 6 2 2 7 2 4 4 5 8 7 8 4 8 7 6 9 4 5 1 7 8 4 8 7 4 1 4 9 7 4 5 9 6 2 5 2 4 6 5 9 3 8 7 2 4 5 9 7 4 7 5 9 1 2 4 7 3 8 1 9 4 527 3 6 9 3 3
6 8 8 9 2 2 8 8 2 3 5 1 7 9 5 1 9 4 5 4 3 1 2 9 1 8 2 5 4 6 3 8 2 9 4 9 8 3 5 2 5 8 2 9 9 2 1 7 3 2 2 5 5 8 6 7 9 6 1 4 7 1 8 8 8 8 2 3 6 2 2 4 3 7 7 7 1 1 1 7 2 8 3 8 1 4 7 8 6 2 7 5 6 4 2 493 6 3 9 6
2 6 9 7 2 2 8 7 1 8 6 8 8 7 3 6 3 4 8 9 5 9 2 7 5 6 1 1 1 3 4 9 2 2 8 1 1 5 2 8 8 9 8 7 6 3 9 6 4 5 6 4 6 8 1 6 3 4 9 8 6 1 5 6 5 9 6 2 5 5 5 6 3 1 4 3 8 7 3 9 7 4 6 3 5 1 1 5 6 9 3 6 9 4 9 1 504 4 1 3
9 4 3 4 9 3 5 8 5 8 1 7 1 5 3 2 2 7 1 1 7 8 6 3 6 9 6 5 9 7 2 7 9 5 4 1 2 7 4 7 8 9 2 2 3 7 1 9 3 7 7 1 3 1 3 6 9 8 8 3 8 2 7 5 9 3 6 9 9 3 1 2 8 5 1 3 9 9 5 1 5 1 2 1 6 2 3 5 9 9 6 8 5 1 9 7 1 505 7 9
2 7 3 3 2 9 9 3 6 3 4 1 5 4 6 5 2 8 6 4 6 8 9 3 7 8 4 8 6 3 4 9 4 3 3 6 9 4 3 2 4 5 4 5 5 7 4 1 8 1 9 2 7 9 4 7 8 9 5 4 9 1 4 2 3 4 2 8 4 4 2 4 7 1 7 6 1 5 4 8 8 4 4 7 7 4 1 7 4 1 8 2 6 1 6 1 6 1 476 1
1 7 2 9 3 6 5 5 9 9 5 2 8 3 7 4 8 6 8 7 6 1 3 4 7 4 2 4 9 5 6 6 8 2 5 9 3 8 5 7 6 1 9 4 4 4 5 5 6 9 9 7 7 3 2 1 5 8 1 5 7 2 8 9 7 2 4 9 3 6 1 2 8 3 5 5 4 1 3 1 5 9 5 2 1 8 8 9 9 5 7 9 4 9 8 3 2 1 3 518
