2350.0
2540.0
2520.0
2390.0
2430.0
2665.0
2605.0
2305.0
2500.0
2490.0
2530.0
2450.0
2405.0
2285.0
2315.0
2440.0
2355.0
2310.0
2575.0
2375.0
2490.0
2640.0
2435.0
2470.0
2360.0
2175.0
2425.0
2575.0
2645.0
2415.0
2460.0
2585.0
2670.0
2650.0
2535.0
2430.0
2655.0
2705.0
2300.0
2265.0
2610.0
2600.0
2500.0
2510.0
2580.0
2385.0
2745.0
2210.0
2380.0
2545.0
2485.0
2875.0
2270.0
2650.0
2375.0
2470.0
2360.0
2500.0
2490.0
2500.0
2365.0
2490.0
2460.0
2615.0
2325.0
2525.0
2490.0
2615.0
2550.0
2310.0
2495.0
2605.0
2750.0
2555.0
2365.0
2370.0
2350.0
2510.0
2610.0
2410.0
2570.0
2575.0
2455.0
2360.0
2345.0
2370.0
2350.0
2580.0
2260.0
2545.0
2295.0
2575.0
2325.0
2770.0
2630.0
2460.0
2515.0
2520.0
2375.0
2585.0
